
[case]
rpm = 5000.0
v_inf = 0.0

[rotor]
nblades = 2
diameter = 0.25
radius_hub = 0.01875
section = NACA_0012 NACA_0012 NACA_0012 NACA_0012 NACA_0012 NACA_0012 NACA_0012 NACA_0012 NACA_0012 NACA_0012 
radius = 0.01875 0.02 0.03 0.04 0.05 0.06 0.09 0.1 0.11 0.125
chord  = 0.03 0.03 0.03 0.03 0.03 0.03 0.03 0.03 0.03 0.03 
pitch = 10 10 10 10 10 10 10 10 10 10


[fluid]
rho=1.225
mu=1.81e-5